K1
   4238920.5344   1600087.3262   4474202.7394
K3
   4238816.0231   1600143.0853   4474280.6752
K4
   4238836.2878   1600172.7176   4474251.2262
K5
   4238711.2574   1600243.8036   4474343.3485
K6
   4238736.5249   1600300.7131   4474299.6436
K7
   4238592.4853   1600355.7424   4474414.4069
K8
   4238550.3957   1600390.6923   4474441.5974
K9
   4238622.6741   1600426.3531   4474361.2608
K10
   4238647.5451   1600478.5552   4474319.5558
K11
   4238679.0965   1600534.5976   4474271.2465
K13
   4238597.0112   1600617.5584   4474317.2264
K14
   4238712.4419   1600615.4124   4474210.7303
K15
   4238762.9646   1600718.4812   4474127.3659
K16
   4238694.0998   1600786.5720   4474167.8542
M1
   4239008.7022   1599998.2253   4474152.3713
M2
   4239034.4272   1600043.4008   4474111.9755
M3
   4239056.6689   1600090.5419   4474073.8819
P2
   4238982.0188   1599977.3188   4474185.0823
P68
   4239071.4567   1600162.1018   4474033.3360
RNP11
   4238907.8120   1600053.8767   4474226.8270
RNP32
   4238794.4176   1600427.2135   4474200.4168
RNP33
   4238881.0052   1600610.3893   4474053.8508
K17
   4238819.1080   1600666.2411   4474091.2658
